
# i = product indices , j = supplier indices

param V : 1 2 3 :=
1 9500 9500 10500
2 10000 10000 10000
;

param P: 1 2 3 := 
1  15  18  10
2  12  13  12
;

param d: 1 2 3 4 5 6 7 8 9 10 11 12 :=
1 21376 24381 24164 27952 27043 27552 22812 25789 28603 24415 27506 19688
2 24057 20405 28402 26407 24615 26469 29540 25163 26435 21067 24575 26521
;

param Ti: 1 2 3 := 
1 0.95  0.9  0.92
2 0.95  0.9  0.92
;

param ti :=
1 0.92
2 0.92
;

param mu: 1 2 3 := 
1 0.02  0.01  0.025
2 0.02  0.01  0.025
;

param muu :=
1 0.02
2 0.02
;

param o :=
1 15
2 15
3 15
;

param oo :=
1 0.1
2 0.12
3 0.09
;

param tc := 
1 215
2 230
3 190
;

param v := 
1 480
2 480
3 480
;

param psi :=
1 0.38
2 0.101
;

param s := 
1 0.0012
2 0.0005
;

param h := 
1 0.01
2 0.021
;

param sp :=
1 0.499 
2 0.613
3 0.705
;
